epoch:1 0.0029  0.0084  0.0014  0.0002  0.0005  0.0036  0.0229  0.0304  0.0337  0.0062  0.0071  0.0398  6.3602  0.0005
epoch:2 0.0336  0.0849  0.0192  0.0091  0.0235  0.0402  0.1102  0.1594  0.165  0.0305  0.0968  0.1814  6.3907  0.0005
epoch:3 0.0095  0.0258  0.006  0.0011  0.0065  0.0105  0.0454  0.0629  0.0667  0.0129  0.0339  0.0742  6.4433  0.0005
epoch:4 0.023  0.0588  0.0126  0.0048  0.0185  0.0257  0.079  0.1117  0.116  0.022  0.0681  0.1273  6.2761  0.0005
epoch:5 0.053  0.1212  0.0361  0.0089  0.036  0.0601  0.1214  0.1699  0.1756  0.0322  0.1137  0.1919  5.8305  0.00015
epoch:6 0.0644  0.145  0.0487  0.0144  0.0465  0.0724  0.1394  0.2014  0.2085  0.0408  0.1391  0.2249  5.6464  0.00015
epoch:7 0.0749  0.1653  0.0538  0.0133  0.054  0.0845  0.1549  0.2266  0.2345  0.0455  0.1529  0.2543  5.5139  0.00015
epoch:8 0.0898  0.1944  0.0698  0.0174  0.068  0.1009  0.1701  0.2539  0.2653  0.0581  0.1789  0.288  5.3774  0.00015
epoch:9 0.0982  0.2163  0.0764  0.0206  0.066  0.1146  0.1799  0.2751  0.2854  0.0588  0.186  0.3146  5.2997  0.00015
epoch:10 0.1157  0.2444  0.0957  0.0245  0.0859  0.1309  0.2004  0.2969  0.3081  0.0715  0.2113  0.3347  5.1295  4.5e-05
epoch:11 0.1213  0.2541  0.1008  0.0218  0.0877  0.1364  0.2041  0.3042  0.3147  0.0661  0.2155  0.3406  5.0247  4.5e-05
epoch:12 0.1278  0.2681  0.1087  0.0271  0.0951  0.1452  0.2084  0.3161  0.3285  0.0733  0.2318  0.3561  4.9643  4.5e-05
epoch:13 0.1373  0.2864  0.1121  0.026  0.0983  0.1559  0.2205  0.3324  0.3448  0.0728  0.2469  0.3752  4.9279  4.5e-05
epoch:14 0.1434  0.2928  0.1263  0.0278  0.0999  0.1635  0.2276  0.3371  0.3492  0.0749  0.2471  0.3785  4.9077  4.5e-05
